0.00009762246307643998, 3.126844772497293
0.00019615830154554243, 4.681596990422918
0.0004664609549981899, 6.755383691686276
0.0010319845243373842, 9.351143916396893
0.0024540408586990465, 12.814508781431968
0.006272506368482464, 18.01396463914884
0.016422931127940812, 24.429007486155015
0.03905343835794878, 29.455647785433264
0.08038341388279939, 32.39968426311965
0.16545260799394595, 34.47523438844872
0.30194621689014683, 34.98897859958936
0.700951481943628, 34.110205606848794
1.8352596610871712, 32.18777947122469
7.233710816771795, 28.349686992228328
22.414155301338784, 25.03562536475586
58.68565246174683, 22.592107417717365
132.99645466365894, 20.84514197663043
